           2          24 J DAY            0           1   2259.00000000000     
   2259.00000000000     
           2          24 BONN             0           1   7662.00000000000     
   7662.00000000000     
           2          24 J DAY            0           2   2040.00000000000     
   2040.00000000000     
           2          24 BONN             0           2   7966.00000000000     
   7966.00000000000     
           2          24 BONN             0           3   5483.00000000000     
   5483.00000000000     
           2          24 BONN             0           4   3722.00000000000     
   3722.00000000000     
           2          24 BONN             0           5   4325.00000000000     
   4325.00000000000     
           2          24 BONN             0           6   11871.0000000000     
   11871.0000000000     
           2          24 LR.GRN       40000           7   17753.0000000000     
   17753.0000000000     
           2          24 L GOOS       27000           7   14803.0000000000     
   14803.0000000000     
           2          24 LR MON       23000           7   31103.0000000000     
   31103.0000000000     
           2          24 ICE H        97000           7   47152.0000000000     
   47152.0000000000     
           2          24 MCNARY      121000           7   36572.0000000000     
   36572.0000000000     
           2          24 J DAY        94000           7   26025.0000000000     
   26025.0000000000     
           2          24 DALLES      128000           7   39670.0000000000     
   39670.0000000000     
           2          24 BONN        120000           7   52366.0000000000     
   52366.0000000000     
           2          24 LR.GRN       40000           8   20440.0000000000     
   20440.0000000000     
           2          24 L GOOS       27000           8   20249.0000000000     
   20249.0000000000     
           2          24 LR MON       23000           8   35780.0000000000     
   35780.0000000000     
           2          24 ICE H        97000           8   55950.0000000000     
   55950.0000000000     
           2          24 MCNARY      121000           8   98524.0000000000     
   98524.0000000000     
           2          24 J DAY        94000           8   74518.0000000000     
   74518.0000000000     
           2          24 DALLES      128000           8   91060.0000000000     
   91060.0000000000     
           2          24 BONN        120000           8   111500.000000000     
   111500.000000000     
           2          24 LR.GRN       40000           9   20440.0000000000     
   20440.0000000000     
           2          24 L GOOS       27000           9   19367.0000000000     
   19367.0000000000     
           2          24 LR MON       23000           9   30840.0000000000     
   30840.0000000000     
           2          24 ICE H        97000           9   44042.0000000000     
   44042.0000000000     
           2          24 MCNARY      121000           9   98758.0000000000     
   98758.0000000000     
           2          24 J DAY        94000           9   82557.0000000000     
   82557.0000000000     
           2          24 DALLES      128000           9   86110.0000000000     
   86110.0000000000     
           2          24 BONN        120000           9   111500.000000000     
   111500.000000000     
           2          24 LR.GRN       40000          10   19793.0000000000     
   19793.0000000000     
           2          24 L GOOS       27000          10   14556.0000000000     
   14556.0000000000     
           2          24 LR MON       23000          10   26447.0000000000     
   26447.0000000000     
           2          24 ICE H        97000          10   36413.0000000000     
   36413.0000000000     
           2          24 MCNARY      121000          10   119131.000000000     
   119131.000000000     
           2          24 J DAY        94000          10   91559.0000000000     
   91559.0000000000     
           2          24 DALLES      128000          10   86080.0000000000     
   86080.0000000000     
           2          24 BONN        120000          10   109117.000000000     
   109117.000000000     
           2          24 LR.GRN       40000          11   18450.0000000000     
   18450.0000000000     
           2          24 L GOOS       27000          11   10094.0000000000     
   10094.0000000000     
           2          24 LR MON       23000          11   17019.0000000000     
   17019.0000000000     
           2          24 ICE H        97000          11   19080.0000000000     
   19080.0000000000     
           2          24 MCNARY      138000          11   58522.0000000000     
   58522.0000000000     
           2          24 J DAY        94000          11   37575.0000000000     
   37575.0000000000     
           2          24 DALLES      128000          11   51850.0000000000     
   51850.0000000000     
           2          24 BONN        120000          11   87841.0000000000     
   87841.0000000000     
           2          24 LR.GRN       40000          12   15363.0000000000     
   15363.0000000000     
           2          24 L GOOS       27000          12   8674.00000000000     
   8674.00000000000     
           2          24 LR MON       23000          12   12455.0000000000     
   12455.0000000000     
           2          24 ICE H        97000          12   14454.0000000000     
   14454.0000000000     
           2          24 MCNARY      148000          12   64816.0000000000     
   64816.0000000000     
           2          24 J DAY        94000          12   37458.0000000000     
   37458.0000000000     
           2          24 DALLES      128000          12   55741.0000000000     
   55741.0000000000     
           2          24 BONN        120000          12   95838.0000000000     
   95838.0000000000     
           2          24 LR.GRN       40000          13   11779.0000000000     
   11779.0000000000     
           2          24 L GOOS       27000          13   7476.00000000000     
   7476.00000000000     
           2          24 LR MON       23000          13   8692.00000000000     
   8692.00000000000     
           2          24 ICE H        97000          13   10686.0000000000     
   10686.0000000000     
           2          24 MCNARY      148000          13   57404.0000000000     
   57404.0000000000     
           2          24 J DAY        94000          13   33493.0000000000     
   33493.0000000000     
           2          24 DALLES      128000          13   50429.0000000000     
   50429.0000000000     
           2          24 BONN        120000          13   82536.0000000000     
   82536.0000000000     
           2          24 J DAY            0          14   2236.00000000000     
   2236.00000000000     
           2          24 BONN             0          14   8235.00000000000     
   8235.00000000000     
           2          24 J DAY            0           1   2259.00000000000     
   2259.00000000000     
           2          24 BONN             0           1   7662.00000000000     
   7662.00000000000     
           2          24 J DAY            0           2   2040.00000000000     
   2040.00000000000     
           2          24 BONN             0           2   7966.00000000000     
   7966.00000000000     
           2          24 BONN             0           3   5483.00000000000     
   5483.00000000000     
           2          24 BONN             0           4   3722.00000000000     
   3722.00000000000     
           2          24 BONN             0           5   4325.00000000000     
   4325.00000000000     
           2          24 BONN             0           6   11871.0000000000     
   11871.0000000000     
           2          24 LR.GRN       40000           7   17753.0000000000     
   17753.0000000000     
           2          24 L GOOS       27000           7   9778.00000000000     
   9778.00000000000     
           2          24 LR MON       23000           7   24922.0000000000     
   24922.0000000000     
           2          24 ICE H        97000           7   27234.0000000000     
   27234.0000000000     
           2          24 MCNARY      121000           7   20824.0000000000     
   20824.0000000000     
           2          24 J DAY        94000           7   14387.0000000000     
   14387.0000000000     
           2          24 DALLES      128000           7   23763.0000000000     
   23763.0000000000     
           2          24 BONN        120000           7   52366.0000000000     
   52366.0000000000     
           2          24 LR.GRN       40000           8   20440.0000000000     
   20440.0000000000     
           2          24 L GOOS       27000           8   28043.0000000000     
   28043.0000000000     
           2          24 LR MON       23000           8   35780.0000000000     
   35780.0000000000     
           2          24 ICE H        97000           8   63322.0000000000     
   63322.0000000000     
           2          24 MCNARY      121000           8   99653.0000000000     
   99653.0000000000     
           2          24 J DAY        94000           8   74883.0000000000     
   74883.0000000000     
           2          24 DALLES      128000           8   91060.0000000000     
   91060.0000000000     
           2          24 BONN        120000           8   111500.000000000     
   111500.000000000     
           2          24 LR.GRN       40000           9   20440.0000000000     
   20440.0000000000     
           2          24 L GOOS       27000           9   31101.0000000000     
   31101.0000000000     
           2          24 LR MON       23000           9   30840.0000000000     
   30840.0000000000     
           2          24 ICE H        97000           9   49996.0000000000     
   49996.0000000000     
           2          24 MCNARY      121000           9   120961.000000000     
   120961.000000000     
           2          24 J DAY        94000           9   105135.000000000     
   105135.000000000     
           2          24 DALLES      128000           9   86110.0000000000     
   86110.0000000000     
           2          24 BONN        120000           9   111500.000000000     
   111500.000000000     
           2          24 LR.GRN       40000          10   19793.0000000000     
   19793.0000000000     
           2          24 L GOOS       27000          10   16028.0000000000     
   16028.0000000000     
           2          24 LR MON       23000          10   26447.0000000000     
   26447.0000000000     
           2          24 ICE H        97000          10   40389.0000000000     
   40389.0000000000     
           2          24 MCNARY      121000          10   99151.0000000000     
   99151.0000000000     
           2          24 J DAY        94000          10   74936.0000000000     
   74936.0000000000     
           2          24 DALLES      128000          10   86080.0000000000     
   86080.0000000000     
           2          24 BONN        120000          10   109117.000000000     
   109117.000000000     
           2          24 LR.GRN       40000          11   18450.0000000000     
   18450.0000000000     
           2          24 L GOOS       27000          11   12481.0000000000     
   12481.0000000000     
           2          24 LR MON       23000          11   17790.0000000000     
   17790.0000000000     
           2          24 ICE H        97000          11   26909.0000000000     
   26909.0000000000     
           2          24 MCNARY      138000          11   65358.0000000000     
   65358.0000000000     
           2          24 J DAY        94000          11   41954.0000000000     
   41954.0000000000     
           2          24 DALLES      128000          11   56715.0000000000     
   56715.0000000000     
           2          24 BONN        120000          11   98050.0000000000     
   98050.0000000000     
           2          24 LR.GRN       40000          12   18510.0000000000     
   18510.0000000000     
           2          24 L GOOS       27000          12   11778.0000000000     
   11778.0000000000     
           2          24 LR MON       23000          12   17860.0000000000     
   17860.0000000000     
           2          24 ICE H        97000          12   24065.0000000000     
   24065.0000000000     
           2          24 MCNARY      148000          12   73395.0000000000     
   73395.0000000000     
           2          24 J DAY        94000          12   42647.0000000000     
   42647.0000000000     
           2          24 DALLES      128000          12   62536.0000000000     
   62536.0000000000     
           2          24 BONN        120000          12   106967.000000000     
   106967.000000000     
           2          24 LR.GRN       40000          13   18470.0000000000     
   18470.0000000000     
           2          24 L GOOS       27000          13   10769.0000000000     
   10769.0000000000     
           2          24 LR MON       23000          13   17770.0000000000     
   17770.0000000000     
           2          24 ICE H        97000          13   21239.0000000000     
   21239.0000000000     
           2          24 MCNARY      148000          13   62786.0000000000     
   62786.0000000000     
           2          24 J DAY        94000          13   36697.0000000000     
   36697.0000000000     
           2          24 DALLES      128000          13   54670.0000000000     
   54670.0000000000     
           2          24 BONN        120000          13   93892.0000000000     
   93892.0000000000     
           2          24 J DAY            0          14   2236.00000000000     
   2236.00000000000     
           2          24 BONN             0          14   8235.00000000000     
   8235.00000000000     
           2          24 J DAY            0           1   2259.00000000000     
   2259.00000000000     
           2          24 BONN             0           1   7662.00000000000     
   7662.00000000000     
           2          24 J DAY            0           2   2040.00000000000     
   2040.00000000000     
           2          24 BONN             0           2   7966.00000000000     
   7966.00000000000     
           2          24 BONN             0           3   5483.00000000000     
   5483.00000000000     
           2          24 BONN             0           4   3722.00000000000     
   3722.00000000000     
           2          24 BONN             0           5   4325.00000000000     
   4325.00000000000     
           2          24 BONN             0           6   11871.0000000000     
   11871.0000000000     
           2          24 LR.GRN       40000           7   17753.0000000000     
   17753.0000000000     
           2          24 L GOOS       27000           7   19068.0000000000     
   19068.0000000000     
           2          24 LR MON       23000           7   31103.0000000000     
   31103.0000000000     
           2          24 ICE H        97000           7   59561.0000000000     
   59561.0000000000     
           2          24 MCNARY      121000           7   36175.0000000000     
   36175.0000000000     
           2          24 J DAY        94000           7   25926.0000000000     
   25926.0000000000     
           2          24 DALLES      128000           7   39435.0000000000     
   39435.0000000000     
           2          24 BONN        120000           7   52366.0000000000     
   52366.0000000000     
           2          24 LR.GRN       40000           8   20440.0000000000     
   20440.0000000000     
           2          24 L GOOS       27000           8   33291.0000000000     
   33291.0000000000     
           2          24 LR MON       23000           8   35780.0000000000     
   35780.0000000000     
           2          24 ICE H        97000           8   63965.0000000000     
   63965.0000000000     
           2          24 MCNARY      121000           8   108248.000000000     
   108248.000000000     
           2          24 J DAY        94000           8   81683.0000000000     
   81683.0000000000     
           2          24 DALLES      128000           8   91060.0000000000     
   91060.0000000000     
           2          24 BONN        120000           8   111500.000000000     
   111500.000000000     
           2          24 LR.GRN       40000           9   20440.0000000000     
   20440.0000000000     
           2          24 L GOOS       27000           9   35660.0000000000     
   35660.0000000000     
           2          24 LR MON       23000           9   30840.0000000000     
   30840.0000000000     
           2          24 ICE H        97000           9   52878.0000000000     
   52878.0000000000     
           2          24 MCNARY      121000           9   129393.000000000     
   129393.000000000     
           2          24 J DAY        94000           9   111162.000000000     
   111162.000000000     
           2          24 DALLES      128000           9   86110.0000000000     
   86110.0000000000     
           2          24 BONN        120000           9   111500.000000000     
   111500.000000000     
           2          24 LR.GRN       40000          10   19793.0000000000     
   19793.0000000000     
           2          24 L GOOS       27000          10   17312.0000000000     
   17312.0000000000     
           2          24 LR MON       23000          10   26447.0000000000     
   26447.0000000000     
           2          24 ICE H        97000          10   41697.0000000000     
   41697.0000000000     
           2          24 MCNARY      121000          10   125119.000000000     
   125119.000000000     
           2          24 J DAY        94000          10   97118.0000000000     
   97118.0000000000     
           2          24 DALLES      128000          10   86080.0000000000     
   86080.0000000000     
           2          24 BONN        120000          10   109117.000000000     
   109117.000000000     
           2          24 LR.GRN       40000          11   18450.0000000000     
   18450.0000000000     
           2          24 L GOOS       27000          11   11774.0000000000     
   11774.0000000000     
           2          24 LR MON       23000          11   17790.0000000000     
   17790.0000000000     
           2          24 ICE H        97000          11   24042.0000000000     
   24042.0000000000     
           2          24 MCNARY      138000          11   74737.0000000000     
   74737.0000000000     
           2          24 J DAY        94000          11   48064.0000000000     
   48064.0000000000     
           2          24 DALLES      128000          11   65087.0000000000     
   65087.0000000000     
           2          24 BONN        120000          11   106379.000000000     
   106379.000000000     
           2          24 LR.GRN       40000          12   18097.0000000000     
   18097.0000000000     
           2          24 L GOOS       27000          12   9456.00000000000     
   9456.00000000000     
           2          24 LR MON       23000          12   14124.0000000000     
   14124.0000000000     
           2          24 ICE H        97000          12   16039.0000000000     
   16039.0000000000     
           2          24 MCNARY      148000          12   65909.0000000000     
   65909.0000000000     
           2          24 J DAY        94000          12   38048.0000000000     
   38048.0000000000     
           2          24 DALLES      128000          12   56761.0000000000     
   56761.0000000000     
           2          24 BONN        120000          12   98880.0000000000     
   98880.0000000000     
           2          24 LR.GRN       40000          13   16509.0000000000     
   16509.0000000000     
           2          24 L GOOS       27000          13   8863.00000000000     
   8863.00000000000     
           2          24 LR MON       23000          13   12783.0000000000     
   12783.0000000000     
           2          24 ICE H        97000          13   14703.0000000000     
   14703.0000000000     
           2          24 MCNARY      148000          13   58372.0000000000     
   58372.0000000000     
           2          24 J DAY        94000          13   33808.0000000000     
   33808.0000000000     
           2          24 DALLES      128000          13   50903.0000000000     
   50903.0000000000     
           2          24 BONN        120000          13   83926.0000000000     
   83926.0000000000     
           2          24 J DAY            0          14   2236.00000000000     
   2236.00000000000     
           2          24 BONN             0          14   8235.00000000000     
   8235.00000000000     
           2          24 J DAY            0           1   2259.00000000000     
   2259.00000000000     
           2          24 BONN             0           1   7662.00000000000     
   7662.00000000000     
